
            Results from my_irf

+--------------------------------------------+
|        |    (1)         (1)         (1)    |
|  step  |   oirf       Lower       Upper    |
|--------+-----------------------------------|
|0       | .004838     -.001094    .01077    |
|1       | .006955     -.001477    .015388   |
|2       | .011463     .00048      .022447   |
|3       | .017035     .004014     .030056   |
|4       | .019853     .006251     .033454   |
|5       | .016566     .003301     .02983    |
|6       | .014236     .001092     .027379   |
|7       | .013509     .000361     .026657   |
|8       | .012844     -.000193    .025882   |
|9       | .012692     -.000358    .025741   |
|10      | .012825     -.000273    .025923   |
|11      | .013103     -.000066    .026272   |
|12      | .013277     -.000012    .026566   |
|13      | .013473     .000026     .026919   |
|14      | .013619     -5.4e-06    .027243   |
|15      | .013657     -.000159    .027472   |
|16      | .013616     -.000391    .027624   |
|17      | .013465     -.000717    .027647   |
|18      | .013186     -.001143    .027515   |
|19      | .01279      -.001654    .027235   |
|20      | .012296     -.00223     .026822   |
+--------------------------------------------+
95% lower and upper bounds reported
(1) irfname = my_irf, impulse = ffr, and response = cci
