
            Results from my_irf

+--------------------------------------------+
|        |    (1)         (1)         (1)    |
|  step  |   oirf       Lower       Upper    |
|--------+-----------------------------------|
|0       | .001555     .00141      .0017     |
|1       | .001694     .001424     .001963   |
|2       | .001231     .000852     .001611   |
|3       | .001204     .00075      .001659   |
|4       | .001268     .000771     .001764   |
|5       | .001174     .000662     .001686   |
|6       | .001005     .000466     .001544   |
|7       | .000908     .000348     .001468   |
|8       | .000829     .000265     .001394   |
|9       | .000746     .000181     .00131    |
|10      | .00068      .000116     .001243   |
|11      | .000633     .000074     .001192   |
|12      | .0006       .000047     .001153   |
|13      | .000572     .000024     .00112    |
|14      | .000548     3.8e-06     .001092   |
|15      | .000528     -.000013    .001069   |
|16      | .00051      -.000029    .001048   |
|17      | .000491     -.000046    .001028   |
|18      | .00047      -.000065    .001006   |
|19      | .00045      -.000084    .000984   |
|20      | .000428     -.000104    .00096    |
+--------------------------------------------+
95% lower and upper bounds reported
(1) irfname = my_irf, impulse = ffr, and response = ffr
