
            Results from my_irf

+--------------------------------------------+
|        |    (1)         (1)         (1)    |
|  step  |   oirf       Lower       Upper    |
|--------+-----------------------------------|
|0       | 0           0           0         |
|1       | .000713     .000291     .001134   |
|2       | .000743     .000237     .00125    |
|3       | .000686     .00015      .001223   |
|4       | .000535     .000062     .001009   |
|5       | .000427     8.3e-06     .000845   |
|6       | .000402     4.8e-07     .000804   |
|7       | .000405     .000011     .000799   |
|8       | .000402     .000017     .000787   |
|9       | .000359     -.000019    .000738   |
|10      | .000335     -.000038    .000709   |
|11      | .000313     -.000054    .000681   |
|12      | .000287     -.000074    .000649   |
|13      | .000268     -.000089    .000625   |
|14      | .000253     -.0001      .000607   |
|15      | .000239     -.000112    .000589   |
|16      | .000224     -.000124    .000573   |
|17      | .000209     -.000138    .000556   |
|18      | .000194     -.000151    .000538   |
|19      | .000177     -.000165    .00052    |
|20      | .000161     -.000178    .0005     |
+--------------------------------------------+
95% lower and upper bounds reported
(1) irfname = my_irf, impulse = ffr, and response = inflation
