
            Results from my_irf

+--------------------------------------------+
|        |    (1)         (1)         (1)    |
|  step  |   oirf       Lower       Upper    |
|--------+-----------------------------------|
|0       | 0           0           0         |
|1       | -.000127    -.000327    .000074   |
|2       | .000087     -.000238    .000411   |
|3       | .0003       -.000125    .000724   |
|4       | .000321     -.00017     .000811   |
|5       | .000493     -.000035    .001021   |
|6       | .000648     .00008      .001216   |
|7       | .000763     .000162     .001364   |
|8       | .000828     .000201     .001454   |
|9       | .000843     .000195     .001492   |
|10      | .000829     .000163     .001496   |
|11      | .000791     .000111     .001471   |
|12      | .000739     .000048     .00143    |
|13      | .000677     -.000021    .001375   |
|14      | .000611     -.000091    .001314   |
|15      | .000546     -.000159    .001251   |
|16      | .000484     -.000223    .00119    |
|17      | .000427     -.000281    .001134   |
|18      | .000375     -.000333    .001084   |
|19      | .00033      -.000379    .001039   |
|20      | .000291     -.00042     .001001   |
+--------------------------------------------+
95% lower and upper bounds reported
(1) irfname = my_irf, impulse = ffr, and response = scaled_leisure_pct
